          127          202          248          248          202          127           52            6            6           52
          202          248          248          202          127           52            6            6           52          127
          248          248          202          127           52            6            6           52          127          202
          248          202          127           52            6            6           52          127          202          248
          202          127           52            6            6           52          127          202          248          248
          127           52            6            6           52          127          202          248          248          202
           52            6            6           52          127          202          248          248          202          127
            6            6           52          127          202          248          248          202          127           52
            6           52          127          202          248          248          202          127           52            6
           52          127          202          248          248          202          127           52            6            6
